01 1ms
1 10
0.0397210121155
1 100
0.030167222023
1 1000
0.028456389904
1 10000
0.0369707942009
10 10
0.0351172685623
10 100
0.0311102867126
10 1000
0.0400373935699
10 10000
0.0628259181976
100 10
0.0472775101662
100 100
0.0537232160568
100 1000
0.0781834721565
100 10000
0.168102025986

01 5ms
1 10
0.0359310507774
1 100
0.034992992878
1 1000
0.0315310955048
1 10000
0.0396130681038
10 10
0.035152733326
10 100
0.0340942144394
10 1000
0.0430537462234
10 10000
0.0624077916145
100 10
0.0426287651062
100 100
0.0476043820381
100 1000
0.074774980545
100 10000
0.153108417988

01 10ms
1 10
0.0386549830437
1 100
0.0303177237511
1 1000
0.0342102646828
1 10000
0.0357279777527
10 10
0.032782971859
10 100
0.0314182639122
10 1000
0.0417141914368
10 10000
0.0617986321449
100 10
0.0423730611801
100 100
0.0465443134308
100 1000
0.0788252353668
100 10000
0.147020220757

01 50ms
1 10
0.0397436618805
1 100
0.0317952632904
1 1000
0.0298792123795
1 10000
0.0386582612991
10 10
0.0368845462799
10 100
0.0349430441856
10 1000
0.0430709123611
10 10000
0.0621348023415
100 10
0.0403950214386
100 100
0.0502976775169
100 1000
0.0824002623558
100 10000
0.155920743942

01 100ms
1 10
0.0435436964035
1 100
0.0355833172798
1 1000
0.0305441021919
1 10000
0.037660241127
10 10
0.034902215004
10 100
0.0387668013573
10 1000
0.0388970375061
10 10000
0.0606397390366
100 10
0.0444598197937
100 100
0.0546597242355
100 1000
0.0808232426643
100 10000
0.163602411747

01 500ms
1 10
0.0412135124207
1 100
0.0288636088371
1 1000
0.0285135507584
1 10000
0.0366960167885
10 10
0.0382274985313
10 100
0.0306088328362
10 1000
0.0470815896988
10 10000
0.0638227462769
100 10
0.0406720638275
100 100
0.0499627590179
100 1000
0.0780939459801
100 10000
0.162858068943

1 1ms
1 10
0.0336538553238
1 100
0.0299245715141
1 1000
0.0414755344391
1 10000
0.119638442993
10 10
0.0346372127533
10 100
0.0442337393761
10 1000
0.102300226688
10 10000
3.26169878244
100 10
0.0431807637215
100 100
0.222485005856
100 1000
3.17817872763
100 10000
29.7354634404

1 5ms
1 10
0.0348182916641
1 100
0.0296919941902
1 1000
0.0325009226799
1 10000
0.0381270051003
10 10
0.0346527695656
10 100
0.0348967313766
10 1000
0.041865170002
10 10000
0.0681470036507
100 10
0.0427364706993
100 100
0.0493125319481
100 1000
0.0810819864273
100 10000
0.161143243313

1 10ms
1 10
0.0388677716255
1 100
0.0279387235641
1 1000
0.0308334827423
1 10000
0.0387439727783
10 10
0.0353402495384
10 100
0.0375314950943
10 1000
0.0425622463226
10 10000
0.0650197267532
100 10
0.0470945239067
100 100
0.0495876669884
100 1000
0.0749441981316
100 10000
0.16106647253

1 50ms
1 10
0.0418907403946
1 100
0.0297265648842
1 1000
0.0322219729424
1 10000
0.0388367772102
10 10
0.0355811715126
10 100
0.0386825203896
10 1000
0.0444187521935
10 10000
0.0646941661835
100 10
0.044542491436
100 100
0.0510756969452
100 1000
0.0761880278587
100 10000
0.165396809578

1 100ms
1 10
0.0313419699669
1 100
0.030426800251
1 1000
0.0326524972916
1 10000
0.0379077196121
10 10
0.0381330251694
10 100
0.036313354969
10 1000
0.0428500175476
10 10000
0.0644251704216
100 10
0.0444855690002
100 100
0.0496914982796
100 1000
0.0798891782761
100 10000
0.165801823139

1 500ms
1 10
0.041041135788
1 100
0.0324440002441
1 1000
0.0320695638657
1 10000
0.0408908128738
10 10
0.0339816808701
10 100
0.0325027108192
10 1000
0.0403905510902
10 10000
0.0632898211479
100 10
0.047754406929
100 100
0.0508952140808
100 1000
0.0787614583969
100 10000
0.153015077114

10 1ms
1 10
0.0321099758148
1 100
0.030417740345
1 1000
0.0288562178612
1 10000
0.0358534455299
10 10
0.0357427000999
10 100
0.0375404953957
10 1000
0.0406437516212
10 10000
0.0605315566063
100 10
0.0425748825073
100 100
0.0506978034973
100 1000
0.0838171839714
100 10000
0.158033013344

10 5ms
1 10
0.0311080217361
1 100
0.0279917120934
1 1000
0.027741253376
1 10000
0.0367454886436
10 10
0.0374184846878
10 100
0.0348610877991
10 1000
0.0397287607193
10 10000
0.064310669899
100 10
0.043809235096
100 100
0.0500590801239
100 1000
0.0754780769348
100 10000
0.157934784889

10 10ms
1 10
0.0339761972427
1 100
0.0292039513588
1 1000
0.0317022204399
1 10000
0.035086452961
10 10
0.0333808064461
10 100
0.038627743721
10 1000
0.040726006031
10 10000
0.0621820688248
100 10
0.0434505343437
100 100
0.0490857362747
100 1000
0.0784068107605
100 10000
0.154351234436

10 50ms
1 10
0.0430870056152
1 100
0.0283762216568
1 1000
0.0296277999878
1 10000
0.035560965538
10 10
0.0328742265701
10 100
0.0597757697105
10 1000
0.0396807789803
10 10000
0.0692523121834
100 10
0.0438404679298
100 100
0.0505585074425
100 1000
0.0786687135696
100 10000
0.16020822525

10 100ms
1 10
0.0344329476357
1 100
0.0283605456352
1 1000
0.0305446982384
1 10000
0.0384405255318
10 10
0.0325842499733
10 100
0.0349982380867
10 1000
0.0386762022972
10 10000
0.065833568573
100 10
0.0448977947235
100 100
0.0521245002747
100 1000
0.0802254676819
100 10000
0.161067664623

10 500ms
1 10
0.0438639521599
1 100
0.028434574604
1 1000
0.0282112360001
1 10000
0.0412157177925
10 10
0.0327767133713
10 100
0.0316798090935
10 1000
0.0426477193832
10 10000
0.0672790408134
100 10
0.0492811799049
100 100
0.0524237155914
100 1000
0.0730039477348
100 10000
0.15944480896

100 1ms
1 10
0.0364592075348
1 100
0.0305116772652
1 1000
0.031258046627
1 10000
0.0372082591057
10 10
0.0332510471344
10 100
0.0303617119789
10 1000
0.0427251458168
10 10000
0.061260342598
100 10
0.0444546937943
100 100
0.047936975956
100 1000
0.0757910609245
100 10000
0.166547656059

100 5ms
1 10
0.0325594544411
1 100
0.0302852988243
1 1000
0.0288106799126
1 10000
0.0369164943695
10 10
0.0327579379082
10 100
0.0320127606392
10 1000
0.052728831768
10 10000
0.0602229833603
100 10
0.0424767136574
100 100
0.0516495108604
100 1000
0.0785250067711
100 10000
0.166161358356

100 10ms
1 10
0.0546119809151
1 100
0.0279161930084
1 1000
0.0322242379189
1 10000
0.0380394458771
10 10
0.0347655415535
10 100
0.0322099924088
10 1000
0.0392174720764
10 10000
0.065575838089
100 10
0.0430459976196
100 100
0.049586057663
100 1000
0.0742620229721
100 10000
0.159065723419

100 50ms
1 10
0.0448507070541
1 100
0.0274541974068
1 1000
0.0313592553139
1 10000
0.0357327461243
10 10
0.0346872806549
10 100
0.0331537127495
10 1000
0.0397028923035
10 10000
0.0629897117615
100 10
0.045047044754
100 100
0.0499491095543
100 1000
0.0839385390282
100 10000
0.160306990147

100 100ms
1 10
0.0357245206833
1 100
0.0326852202415
1 1000
0.0285636782646
1 10000
0.0358979701996
10 10
0.0356475114822
10 100
0.0317714810371
10 1000
0.0451239943504
10 10000
0.0651477575302
100 10
0.0415004491806
100 100
0.0533775687218
100 1000
0.0850780010223
100 10000
0.180314481258

100 500ms
1 10
0.0334277153015
1 100
0.0316209793091
1 1000
0.028635263443
1 10000
0.036888718605
10 10
0.034455537796
10 100
0.0373192429543
10 1000
0.0405789017677
10 10000
0.0645942687988
100 10
0.0478163361549
100 100
0.0562873482704
100 1000
0.0745201706886
100 10000
0.156238734722

























