01 1ms
1 10
0.0397210121155
1 100
0.030167222023
1 1000
0.028456389904
10 10
0.0351172685623
10 100
0.0311102867126
10 1000
0.0400373935699
100 10
0.0472775101662
100 100
0.0537232160568
100 1000
0.0781834721565

01 5ms
1 10
0.0359310507774
1 100
0.034992992878
1 1000
0.0315310955048
10 10
0.035152733326
10 100
0.0340942144394
10 1000
0.0430537462234
100 10
0.0426287651062
100 100
0.0476043820381
100 1000
0.074774980545

01 10ms
1 10
0.0386549830437
1 100
0.0303177237511
1 1000
0.0342102646828
10 10
0.032782971859
10 100
0.0314182639122
10 1000
0.0417141914368
100 10
0.0423730611801
100 100
0.0465443134308
100 1000
0.0788252353668

01 50ms
1 10
0.0397436618805
1 100
0.0317952632904
1 1000
0.0298792123795
10 10
0.0368845462799
10 100
0.0349430441856
10 1000
0.0430709123611
100 10
0.0403950214386
100 100
0.0502976775169
100 1000
0.0824002623558

01 100ms
1 10
0.0435436964035
1 100
0.0355833172798
1 1000
0.0305441021919
10 10
0.034902215004
10 100
0.0387668013573
10 1000
0.0388970375061
100 10
0.0444598197937
100 100
0.0546597242355
100 1000
0.0808232426643

01 500ms
1 10
0.0412135124207
1 100
0.0288636088371
1 1000
0.0285135507584
10 10
0.0382274985313
10 100
0.0306088328362
10 1000
0.0470815896988
100 10
0.0406720638275
100 100
0.0499627590179
100 1000
0.0780939459801

1 1ms
1 10
0.0336538553238
1 100
0.0299245715141
1 1000
0.0414755344391
10 10
0.0346372127533
10 100
0.0442337393761
10 1000
0.102300226688
100 10
0.0431807637215
100 100
0.222485005856
100 1000
3.17817872763

1 5ms
1 10
0.0348182916641
1 100
0.0296919941902
1 1000
0.0325009226799
10 10
0.0346527695656
10 100
0.0348967313766
10 1000
0.041865170002
100 10
0.0427364706993
100 100
0.0493125319481
100 1000
0.0810819864273

1 10ms
1 10
0.0388677716255
1 100
0.0279387235641
1 1000
0.0308334827423
10 10
0.0353402495384
10 100
0.0375314950943
10 1000
0.0425622463226
100 10
0.0470945239067
100 100
0.0495876669884
100 1000
0.0749441981316

1 50ms
1 10
0.0418907403946
1 100
0.0297265648842
1 1000
0.0322219729424
10 10
0.0355811715126
10 100
0.0386825203896
10 1000
0.0444187521935
100 10
0.044542491436
100 100
0.0510756969452
100 1000
0.0761880278587

1 100ms
1 10
0.0313419699669
1 100
0.030426800251
1 1000
0.0326524972916
10 10
0.0381330251694
10 100
0.036313354969
10 1000
0.0428500175476
100 10
0.0444855690002
100 100
0.0496914982796
100 1000
0.0798891782761

1 500ms
1 10
0.041041135788
1 100
0.0324440002441
1 1000
0.0320695638657
10 10
0.0339816808701
10 100
0.0325027108192
10 1000
0.0403905510902
100 10
0.047754406929
100 100
0.0508952140808
100 1000
0.0787614583969

10 1ms
1 10
0.0321099758148
1 100
0.030417740345
1 1000
0.0288562178612
10 10
0.0357427000999
10 100
0.0375404953957
10 1000
0.0406437516212
100 10
0.0425748825073
100 100
0.0506978034973
100 1000
0.0838171839714

10 5ms
1 10
0.0311080217361
1 100
0.0279917120934
1 1000
0.027741253376
10 10
0.0374184846878
10 100
0.0348610877991
10 1000
0.0397287607193
100 10
0.043809235096
100 100
0.0500590801239
100 1000
0.0754780769348

10 10ms
1 10
0.0339761972427
1 100
0.0292039513588
1 1000
0.0317022204399
10 10
0.0333808064461
10 100
0.038627743721
10 1000
0.040726006031
100 10
0.0434505343437
100 100
0.0490857362747
100 1000
0.0784068107605

10 50ms
1 10
0.0430870056152
1 100
0.0283762216568
1 1000
0.0296277999878
10 10
0.0328742265701
10 100
0.0597757697105
10 1000
0.0396807789803
100 10
0.0438404679298
100 100
0.0505585074425
100 1000
0.0786687135696

10 100ms
1 10
0.0344329476357
1 100
0.0283605456352
1 1000
0.0305446982384
10 10
0.0325842499733
10 100
0.0349982380867
10 1000
0.0386762022972
100 10
0.0448977947235
100 100
0.0521245002747
100 1000
0.0802254676819

10 500ms
1 10
0.0438639521599
1 100
0.028434574604
1 1000
0.0282112360001
10 10
0.0327767133713
10 100
0.0316798090935
10 1000
0.0426477193832
100 10
0.0492811799049
100 100
0.0524237155914
100 1000
0.0730039477348

100 1ms
1 10
0.0364592075348
1 100
0.0305116772652
1 1000
0.031258046627
10 10
0.0332510471344
10 100
0.0303617119789
10 1000
0.0427251458168
100 10
0.0444546937943
100 100
0.047936975956
100 1000
0.0757910609245

100 5ms
1 10
0.0325594544411
1 100
0.0302852988243
1 1000
0.0288106799126
10 10
0.0327579379082
10 100
0.0320127606392
10 1000
0.052728831768
100 10
0.0424767136574
100 100
0.0516495108604
100 1000
0.0785250067711

100 10ms
1 10
0.0546119809151
1 100
0.0279161930084
1 1000
0.0322242379189
10 10
0.0347655415535
10 100
0.0322099924088
10 1000
0.0392174720764
100 10
0.0430459976196
100 100
0.049586057663
100 1000
0.0742620229721

100 50ms
1 10
0.0448507070541
1 100
0.0274541974068
1 1000
0.0313592553139
10 10
0.0346872806549
10 100
0.0331537127495
10 1000
0.0397028923035
100 10
0.045047044754
100 100
0.0499491095543
100 1000
0.0839385390282

100 100ms
1 10
0.0357245206833
1 100
0.0326852202415
1 1000
0.0285636782646
10 10
0.0356475114822
10 100
0.0317714810371
10 1000
0.0451239943504
100 10
0.0415004491806
100 100
0.0533775687218
100 1000
0.0850780010223

100 500ms
1 10
0.0334277153015
1 100
0.0316209793091
1 1000
0.028635263443
10 10
0.034455537796
10 100
0.0373192429543
10 1000
0.0405789017677
100 10
0.0478163361549
100 100
0.0562873482704
100 1000
0.0745201706886

